6
0,0
0,1
1,1
1,0
0,3061444920665781331862129193320089382482060057098252836272816199093672327472236428273215998511731448154634712199984777234677432778278311844261986817678665851963442308033312750575941604296915479029057/12423381942613666287410602581138988998188122080849672191111634261767988091330791628934218748177245842336519819917541563196147850319580557868172957623801885785877604343934686260747769162276734017333866
46809685109739424777742366939094498078530310118757096774194090313371578819292776003305013748327571970909425538587783929807352087706511230119554854030616099669570810179506867550859137789899092691524045/47869637737536753942287396719070412294837405992119438577487750902007946304631761621833917122710084182557749104999472761002683522241678359022450466759589783493684488987859168617122988329200802737750768,1
2
3 4 5 1
5 0 3 2 5 4
0,-2464979163268241560334058237479840531696413502746716939312402850475227173474682498774401960042416598446774751158395724340941009676764/11541759136875335596543717475484129107587223043701617146967879108980085716174223229676492785305747047843227144208953433854498169862961
97071973268454002605688113262341200550804689687040203210115266980753625864602534087315834161240168715541887406516003875103463546940027588124450806761706500649500580894156085424780784384347755346377193516331612561217705837513310815921035078415725329537633599172067480/133212203973645291733715134798720152038209376738034188475005562496218500860855113363809964484464999278673839583333502305643541419106413570253393438002513344300251912834471260769842562972223548624644370888761952711965547237683785025463092727100803289375750581519687521,-21201155184357886018335815066989233645839038525142299541891937793461087421687315138120708239427807045576287299353664167428521029511195143553481335094446197313650415507308259203787758173561295150824224884933760724689279757839157357451725006447965377829768872874372608/133212203973645291733715134798720152038209376738034188475005562496218500860855113363809964484464999278673839583333502305643541419106413570253393438002513344300251912834471260769842562972223548624644370888761952711965547237683785025463092727100803289375750581519687521
1,9076779973607094036209659238004288575890809540954900207655476258504858542699540730902090825263330449396452393050557709513557160186197/11541759136875335596543717475484129107587223043701617146967879108980085716174223229676492785305747047843227144208953433854498169862961
1,-2464979163268241560334058237479840531696413502746716939312402850475227173474682498774401960042416598446774751158395724340941009676764/11541759136875335596543717475484129107587223043701617146967879108980085716174223229676492785305747047843227144208953433854498169862961
0,35365245215830922004174523893605556183242501190660960855520684793/1076385479482203930270708106110498068427238054410393334018522260106
46809685109739424777742366939094498078530310118757096774194090313371578819292776003305013748327571970909425538587783929807352087706511230119554854030616099669570810179506867550859137789899092691524045/47869637737536753942287396719070412294837405992119438577487750902007946304631761621833917122710084182557749104999472761002683522241678359022450466759589783493684488987859168617122988329200802737750768,9076779973607094036209659238004288575890809540954900207655476258504858542699540730902090825263330449396452393050557709513557160186197/11541759136875335596543717475484129107587223043701617146967879108980085716174223229676492785305747047843227144208953433854498169862961
