4
0,0
0,1
1,1
1,0
1
4 0 3 2 1
99999999999999999999999999999999999999999999999999999999999999999999999999999999999999999999999999990,99999999999999999999999999999999999999999999999999999999999999999999999999999999999999999999999999990
99999999999999999999999999999999999999999999999999999999999999999999999999999999999999999999999999990,99999999999999999999999999999999999999999999999999999999999999999999999999999999999999999999999999991
99999999999999999999999999999999999999999999999999999999999999999999999999999999999999999999999999991,99999999999999999999999999999999999999999999999999999999999999999999999999999999999999999999999999991
99999999999999999999999999999999999999999999999999999999999999999999999999999999999999999999999999991,99999999999999999999999999999999999999999999999999999999999999999999999999999999999999999999999999990
