6
0,0
0,1
1,1
1,0
0,8945303714000370993933580229421596668196121692177242823414115843782782976639299346245767215842473594128710649427707154149968620862991/10971665226767812293075650242008727424636718549222941044874123395200169493145104144353014307126359982040531385661530991934199739352342
212978821891830637950447399855927513146284250048379519553981960651343449864255261933463810330741399229040303974019606575280007298652972609978527367445556960482688883467102638142147451158400350409825867957059155829283075449422379355770992397230615544414532439262669/251523045537020997934060883743448999705129746678376962007423115360545718980451263586603349419884891336621919551526976839223766560338046990769929078572122049520823613870453708541015451535317419694647333826878423967598416765365391942274500915502445783567195900685218,1
2
3 4 5 1
5 0 3 2 5 4
0,2026361512767441299142070012587130756440596857045698221460007551417386516505804798107247091283886387911820736233823837784231118489351/10971665226767812293075650242008727424636718549222941044874123395200169493145104144353014307126359982040531385661530991934199739352342
4882493296133966800194226066774375670328088056336432449766571127144053936948171725049705447907546429251412104119528557045440893859439624928323405602799513378284518154293283900285755242229392699608795554710778877028371086919636880906864863082714363869168417998079913008367565679588267277136304498539001568814856454395803506478728047647627520350247236200381543000428847122175766549924336498029751/63484299230283979908967876096804040017042286613791275499043593253981357791409504404414596920489945195254897528575054690526902634242137039418181119987734310147514482601990122216956979367360299175454585868099502650140887261924305519991469735739982464392599603056856562156899342645130256251298413783822419493935658434007811171433111793923686057233064132532470992161993025215618270350568229302626742,26412151284599025657865585935176282048906258242002887090880317583660995406371644149889048417688094669444215201985417165358297415779553642794397239788877964148909552508689066665800168854077732073735653657950424081032347127026736490862319361755419029181796934017076898501155106956231060965034682625546907087955661151284402839342558603409835843005211731083931659142154351748739456510687786974401791/31742149615141989954483938048402020008521143306895637749521796626990678895704752202207298460244972597627448764287527345263451317121068519709090559993867155073757241300995061108478489683680149587727292934049751325070443630962152759995734867869991232196299801528428281078449671322565128125649206891911209746967829217003905585716555896961843028616532066266235496080996512607809135175284114651313371
1,12998026739535253592217720254595858181077315406268639266334130946617556009650908942460261398410246369952352121895354829718430857841693/10971665226767812293075650242008727424636718549222941044874123395200169493145104144353014307126359982040531385661530991934199739352342
1,2026361512767441299142070012587130756440596857045698221460007551417386516505804798107247091283886387911820736233823837784231118489351/10971665226767812293075650242008727424636718549222941044874123395200169493145104144353014307126359982040531385661530991934199739352342
0,1
212978821891830637950447399855927513146284250048379519553981960651343449864255261933463810330741399229040303974019606575280007298652972609978527367445556960482688883467102638142147451158400350409825867957059155829283075449422379355770992397230615544414532439262669/251523045537020997934060883743448999705129746678376962007423115360545718980451263586603349419884891336621919551526976839223766560338046990769929078572122049520823613870453708541015451535317419694647333826878423967598416765365391942274500915502445783567195900685218,12998026739535253592217720254595858181077315406268639266334130946617556009650908942460261398410246369952352121895354829718430857841693/10971665226767812293075650242008727424636718549222941044874123395200169493145104144353014307126359982040531385661530991934199739352342
