4
0,0
0,1
1,1
1,0
1
4 0 3 2 1
159999999999999999999999999999999999999999999999999999999999999999999999999999999999999999999999999990,159999999999999999999999999999999999999999999999999999999999999999999999999999999999999999999999999990
159999999999999999999999999999999999999999999999999999999999999999999999999999999999999999999999999990,159999999999999999999999999999999999999999999999999999999999999999999999999999999999999999999999999991
159999999999999999999999999999999999999999999999999999999999999999999999999999999999999999999999999991,159999999999999999999999999999999999999999999999999999999999999999999999999999999999999999999999999991
159999999999999999999999999999999999999999999999999999999999999999999999999999999999999999999999999991,159999999999999999999999999999999999999999999999999999999999999999999999999999999999999999999999999990
