4
0,0
0,1
1,1
1,0
1
4 0 3 2 1
219999999999999999999999999999999999999999999999999999999999999999999999999999999999999999999999999990,219999999999999999999999999999999999999999999999999999999999999999999999999999999999999999999999999990
219999999999999999999999999999999999999999999999999999999999999999999999999999999999999999999999999990,219999999999999999999999999999999999999999999999999999999999999999999999999999999999999999999999999991
219999999999999999999999999999999999999999999999999999999999999999999999999999999999999999999999999991,219999999999999999999999999999999999999999999999999999999999999999999999999999999999999999999999999991
219999999999999999999999999999999999999999999999999999999999999999999999999999999999999999999999999991,219999999999999999999999999999999999999999999999999999999999999999999999999999999999999999999999999990
