4
0,0
0,1
1,1
1,0
1
4 0 3 2 1
209999999999999999999999999999999999999999999999999999999999999999999999999999999999999999999999999990,209999999999999999999999999999999999999999999999999999999999999999999999999999999999999999999999999990
209999999999999999999999999999999999999999999999999999999999999999999999999999999999999999999999999990,209999999999999999999999999999999999999999999999999999999999999999999999999999999999999999999999999991
209999999999999999999999999999999999999999999999999999999999999999999999999999999999999999999999999991,209999999999999999999999999999999999999999999999999999999999999999999999999999999999999999999999999991
209999999999999999999999999999999999999999999999999999999999999999999999999999999999999999999999999991,209999999999999999999999999999999999999999999999999999999999999999999999999999999999999999999999999990
