12
0,0
0,1
1,1
1,0
1,219696112951600055250491975791/267872080607989634743472919166
0,219696112951600055250491975791/267872080607989634743472919166
3306482160295954672072/8696428865958695830307,219696112951600055250491975791/267872080607989634743472919166
0,235355180686311792912661738671/267872080607989634743472919166
0,699618285287/918500880622
1,235355180686311792912661738671/267872080607989634743472919166
1,699618285287/918500880622
0,182567032/508241877
7
3 5 6 7
3 6 4 9
5 7 6 9 2 1
3 8 6 5
3 6 10 4
3 0 3 11
5 11 3 10 6 8
66661442346578048/291640526709772153,234287142461193530952870181871/267872080607989634743472919166
0,235355180686311792912661738671/267872080607989634743472919166
1,235355180686311792912661738671/267872080607989634743472919166
1,218882595335/918500880622
10084243017902519623252182833924650423184280223598251982699683811/10195681005136451115514286670854328901603215118962047462406174691,9610180051087757527395769375183099210847662915647942603868429891/10195681005136451115514286670854328901603215118962047462406174691
26703919300610726481218261165117060051157419726048314161209600/1520687951271793845160339631534569159510450043086481508414717667,1435898410610926449123187428498219607578343333579905119962487107/1520687951271793845160339631534569159510450043086481508414717667
3306482160295954672072/8696428865958695830307,9204798265087811024067/8696428865958695830307
0,1
0,1
1,1
1,1
0,18111058300471/30310529060526
