21
0,0
0,1
1,1
1,0
1/2,1
1/2,0
1,1/2
1/2,1/2
0,1/2
1,3/4
1/2,3/4
1,1/4
1/2,1/4
0,3/4
0,1/4
3/4,1/2
3/4,1
3/4,0
1/4,1/2
1/4,1
1/4,0
24
3 7 15 10
3 15 6 9
3 10 15 9
3 10 16 4
3 16 9 2
3 10 9 16
3 12 15 7
3 15 11 6
3 12 11 15
3 5 17 12
3 17 3 11
3 12 17 11
3 18 7 10
3 8 18 13
3 13 18 10
3 19 10 4
3 13 19 1
3 13 10 19
3 18 12 7
3 14 18 8
3 14 12 18
3 20 5 12
3 0 20 14
3 14 20 12
3/4,0
3/4,0
3/4,0
3/4,0
3/4,0
3/4,0
3/4,0
3/4,0
3/4,0
1/2,0
1,0
1/2,0
1,0
1/2,0
1/2,0
3/4,-1/4
3/4,-1/4
3/4,-1/4
3/4,-1/4
3/4,-1/4
3/4,-1/4
