21
0,0
0,1
1,1
1,0
1/2,1
1/2,0
1,1/4
1/2,1/4
0,1/4
1,1/2
1/2,1/2
0,1/2
1,3/4
1/2,3/4
0,3/4
3/4,1
3/4,1/2
3/4,0
1/4,1
1/4,1/2
1/4,0
24
3 13 15 4
3 15 12 2
3 13 12 15
3 10 16 13
3 16 9 12
3 13 16 12
3 7 16 10
3 16 6 9
3 7 6 16
3 5 17 7
3 17 3 6
3 7 17 6
3 18 13 4
3 14 18 1
3 14 13 18
3 19 10 13
3 11 19 14
3 14 19 13
3 19 7 10
3 8 19 11
3 8 7 19
3 20 5 7
3 0 20 8
3 8 20 7
5/4,0
5/4,0
5/4,0
5/4,0
5/4,0
5/4,0
1,0
3/2,0
1,0
5/4,0
5/4,0
5/4,0
1,0
3/2,0
1,0
5/4,-1/4
5/4,-1/4
5/4,-1/4
5/4,-1/4
5/4,-1/4
5/4,-1/4
