10
0,0
0,1
1,1
1,0
209966103618627400958904069682045692427225863400137200420003413641213/216315347312652991079424577643015833842938173471101018470566988873728,1
209966103618627400958904069682045692427225863400137200420003413641213/216315347312652991079424577643015833842938173471101018470566988873728,0
1,222105246516378551293457153228813613028110995170439798125170643363034329780978129802444204173862872030060266519969237/281598725511776857402186301961715183290339324988261328916880408794202525886581737954225746888379560069723985673191424
9875243128887696460393633379117817644261187575435750209097448189334927540664963292333480463297664136184304286369428777/10172710523864687990937279122782325495572329224524857863055997016490768521192981333092388176870247576382622882135539712,1
203188741098180357528413123466557961950495288086064442669188398099855614042568036349/244179312989306336881747576060353097852330989994228277199247236667683890613383593984,0
236985330106007187053674400400943860870230182973320962670484749601825897715557896189/244179312989306336881747576060353097852330989994228277199247236667683890613383593984,1
4
5 5 3 6 7 4
3 7 6 2
4 8 5 4 9
4 0 8 9 1
0,0
0,1
101808429962300905419191780860537775505756776664586691184719919204349/108157673656326495539712288821507916921469086735550509235283494436864,1
942389586734799769751636210592098955956841710116060040899744175605694147382415473606638753366926853786749681213219877792534718671849159117417334429757921426420092741714883537210676556704587885112254896101/1296154034643257800134107663384614435730771995231476213842849549884723974998823686450414451301152326245984264972009012860735472472821574638592232258206607588559602098751050154462129841743226868923572944896,16667555631224812024160843595511444818354006448356190404416419318852068811230959965968777445187872664376459041300230012087616714631984375289611264857693353416830543410048484817409697925/562117208094428753214917067204242655484117475325528841026260346484777822000284411307561455206097264447426379857176726605155529997377347843023998847768969532624588414187615200242353307648
2515659127334112537902509260461645197615984034430449026731151811170029193073693954203539357885709460322084748994634911241924210673458259534548491398464913738649937945355181855170258856533109823527674025957/2592308069286515600268215326769228871461543990462952427685699099769447949997647372900828902602304652491968529944018025721470944945643149277184464516413215177119204197502100308924259683486453737847145889792,2248536066387351713986400164010420201842205619076296264384447647397075806669508431920017002852676775223188998534230548319887740491121242173034622865094800005519626498027959257428953296217/2248468832377715012859668268816970621936469901302115364105041385939111288001137645230245820824389057789705519428706906420622119989509391372095995391075878130498353656750460800969413230592
1811550753992622110565675828943629387239255401623296156546255810551921349744202257818195559562898172933826439136414182435906088937696699317205877408080251046921034026902651136686816679811790580501311494117/2592308069286515600268215326769228871461543990462952427685699099769447949997647372900828902602304652491968529944018025721470944945643149277184464516413215177119204197502100308924259683486453737847145889792,84595852703088994999200383312200101245403509171992084349826633040896749207971092449425681937376323259023618084738887425999661537195070622579858900925500632017464672624152263076076744025/2248468832377715012859668268816970621936469901302115364105041385939111288001137645230245820824389057789705519428706906420622119989509391372095995391075878130498353656750460800969413230592
101808429962300905419191780860537775505756776664586691184719919204349/108157673656326495539712288821507916921469086735550509235283494436864,222105246516378551293457153228813613028110995170439798125170643363034329780978129802444204173862872030060266519969237/281598725511776857402186301961715183290339324988261328916880408794202525886581737954225746888379560069723985673191424
236985330106007187053674400400943860870230182973320962670484749601825897715557896189/244179312989306336881747576060353097852330989994228277199247236667683890613383593984,1
203188741098180357528413123466557961950495288086064442669188398099855614042568036349/244179312989306336881747576060353097852330989994228277199247236667683890613383593984,0
236985330106007187053674400400943860870230182973320962670484749601825897715557896189/244179312989306336881747576060353097852330989994228277199247236667683890613383593984,1
