18
0,0
0,1
1,1
1,0
0,1/8
1,1/8
1,1/4
0,1/4
1,3/8
0,3/8
1,1/2
0,1/2
1,5/8
0,5/8
1,3/4
0,3/4
1,7/8
0,7/8
8
4 17 16 2 1
4 15 14 16 17
4 13 12 14 15
4 11 10 12 13
4 9 8 10 11
4 7 6 8 9
4 4 5 6 7
4 0 3 5 4
-9999999999999999999,0
-9999999999999999999,0
-9999999999999999998,0
-9999999999999999998,0
-9999999999999999999,1/8
-9999999999999999998,1/8
-9999999999999999998,0
-9999999999999999999,0
-9999999999999999998,1/8
-9999999999999999999,1/8
-9999999999999999998,0
-9999999999999999999,0
-9999999999999999998,1/8
-9999999999999999999,1/8
-9999999999999999998,0
-9999999999999999999,0
-9999999999999999998,1/8
-9999999999999999999,1/8
