34
0,0
0,1
1,1
1,0
0,1/16
1,1/16
1,1/8
0,1/8
1,3/16
0,3/16
1,1/4
0,1/4
1,5/16
0,5/16
1,3/8
0,3/8
1,7/16
0,7/16
1,1/2
0,1/2
1,9/16
0,9/16
1,5/8
0,5/8
1,11/16
0,11/16
1,3/4
0,3/4
1,13/16
0,13/16
1,7/8
0,7/8
1,15/16
0,15/16
16
4 33 32 2 1
4 31 30 32 33
4 29 28 30 31
4 27 26 28 29
4 25 24 26 27
4 23 22 24 25
4 21 20 22 23
4 19 18 20 21
4 17 16 18 19
4 15 14 16 17
4 13 12 14 15
4 11 10 12 13
4 9 8 10 11
4 7 6 8 9
4 4 5 6 7
4 0 3 5 4
420,0
420,0
421,0
421,0
420,1/16
421,1/16
421,0
420,0
421,1/16
420,1/16
421,0
420,0
421,1/16
420,1/16
421,0
420,0
421,1/16
420,1/16
421,0
420,0
421,1/16
420,1/16
421,0
420,0
421,1/16
420,1/16
421,0
420,0
421,1/16
420,1/16
421,0
420,0
421,1/16
420,1/16
