8
0,0
0,1
1,1
1,0
1,1/2
1/2,1
1/2,0
0,1/2
5
3 5 4 2
3 6 3 4
3 0 6 7
3 7 5 1
4 7 6 4 5
1/2,123456789012345678901234567890123456789012345678901234567891
1/2,123456789012345678901234567890123456789012345678901234567891
1/2,123456789012345678901234567890123456789012345678901234567891
1/2,123456789012345678901234567890123456789012345678901234567891
1,123456789012345678901234567890123456789012345678901234567891
1/2,246913578024691357802469135780246913578024691357802469135783/2
1/2,246913578024691357802469135780246913578024691357802469135781/2
0,123456789012345678901234567890123456789012345678901234567891
