9
0,0
0,1
1,1
1,0
1965422014534838054956776142859813544583019337007067188220873109/3145814999071304017508324756426645384856191928562462983656046592,1
1965422014534838054956776142859813544583019337007067188220873109/3145814999071304017508324756426645384856191928562462983656046592,0
2534510530873493845525619684871212516689375004420896856857069973/3145814999071304017508324756426645384856191928562462983656046592,1
1965422014534838054956776142859813544583019337007067188220873109/3145814999071304017508324756426645384856191928562462983656046592,89892033869952440294669731982408256506156262358694939622961979216350776177446724131741792552099222034437247277344013272090985398906682420673/105111621778463720630058367533534254536898886491459700445528484460860096049832096962642183334504419859922945417560652098284419524044376768512
72022055873153643993495962666705/162259276829213363391578010288128,1
4
3 7 6 4
5 5 3 2 6 7
3 8 7 4
5 0 5 7 8 1
90237220956059719398082047621423/162259276829213363391578010288128,0
90237220956059719398082047621423/162259276829213363391578010288128,1
2534510530873493845525619684871212516689375004420896856857069973/3145814999071304017508324756426645384856191928562462983656046592,1
2534510530873493845525619684871212516689375004420896856857069973/3145814999071304017508324756426645384856191928562462983656046592,0
972000917077456502567680494222891388167668733149933858323014813440078620251425248821423893976591429464956632814435690996111782062983467041993472203681949515481862842003692819828048877560014494744205019188660775618578200456466086222326339770976587162/934953357818333885744445834838145064663324798726611031840928609583239460454096154708686848958442833733182410754868197753177729291167017257051838588029369127961082939221670054692348358230333642460749676337425570700316248434859329588329491845518075597,769924466022934137197850156545451171429537400856979386232461551474702837745562778119727368154651469295325584161350998236844539484460751164321724637248087498997378780537331488476966224242707007835229669731843777497959967865915977803253705693029344973/934953357818333885744445834838145064663324798726611031840928609583239460454096154708686848958442833733182410754868197753177729291167017257051838588029369127961082939221670054692348358230333642460749676337425570700316248434859329588329491845518075597
22894860546679842758472763441152/19387581779884572650139039321989,0
1,1
22894860546679842758472763441152/19387581779884572650139039321989,89892033869952440294669731982408256506156262358694939622961979216350776177446724131741792552099222034437247277344013272090985398906682420673/105111621778463720630058367533534254536898886491459700445528484460860096049832096962642183334504419859922945417560652098284419524044376768512
1,1
