13
0,0
0,1
1,1
1,0
3/4,1
3/4,0
1,1/2
1/4,0
3/7,0
1/2,1/2
5/6,0
3/4,1/16
2/3,0
8
3 5 10 11
5 11 10 3 6 4
3 4 6 2
3 7 8 9
3 12 5 11
5 8 12 11 4 9
3 0 7 9
4 0 9 4 1
3581737030278048335617677259243056087677,1296180120209289471921472186663980202660
3581737030278048335617677259243056087677,1296180120209289471921472186663980202661
7163474060556096671235354518486112175355/2,1296180120209289471921472186663980202661
35817370302780483356176772592430560876771/10,6480900601046447359607360933319901013301/5
14326948121112193342470709036972224350711/4,1296180120209289471921472186663980202661
71634740605560966712353545184861121753541/20,6480900601046447359607360933319901013302/5
7163474060556096671235354518486112175355/2,2592360240418578943842944373327960405321/2
3581737030278048335617677259243056087677,5184720480837157887685888746655920810641/4
25072159211946338349323740814701392613740/7,9073260841465026303450305306647861418621/7
7163474060556096671235354518486112175355/2,2592360240418578943842944373327960405321/2
3581737030278048335617677259243056087677,3888540360627868415764416559991940607981/3
3581737030278048335617677259243056087677,20738881923348631550743554986623683242567/16
3581737030278048335617677259243056087677,3888540360627868415764416559991940607981/3
