11
0,0
0,1
1,1
1,0
1,337871130/585742003
0,337871130/585742003
60343267999/124260982065,337871130/585742003
81571404923/2808298194669,1
0,3005687/23717288
1,8432157164/8786130045
1,32/165
6
4 5 6 7 1
3 6 4 9
4 7 6 9 2
3 8 6 5
3 6 10 4
5 0 3 10 6 8
0,0
12443717821003650/463549346913659831,4450552550097405273/35693299712351806987
1,90000257/585742003
1,0
331040613077/522793755275,10153188432304/120765357468525
208041261051392370/463549346913659831,3305423749603651706/35693299712351806987
60343267999/124260982065,337871130/585742003
81571404923/2808298194669,90000257/585742003
0,3005687/23717288
1,32/165
1,32/165
